1305417600
1307750400
1310083200
1312416000
1314748800
1317081600
1319414400
1321747200
1324080000
1326412800
1328745600
1331078400
1333411200
1335744000
1338076800
1340409600
1342742400
1345075200
1347408000
1349740800
1352073600
1354406400
1356739200
1359072000
1361404800
1363737600
1366070400
1368403200
1370736000
1373068800
1375401600
1377734400
1380067200
1382400000
1384732800
1387065600
1389398400
1391731200
1394064000
1396396800
1398729600
1401062400
1403395200
1405728000
1408060800
1410393600
1412726400
1415059200
1417392000
1419724800
1422057600
1424390400
1426723200
1429056000
1431388800
1433721600
1436054400
1438387200
1440720000
1443052800
1445385600
1447718400
1450051200
1452384000
1454716800
1457049600
1459382400
1461715200
1464048000
1466380800
1468713600
1471046400
1473379200
1475712000
1478044800
1480377600
1482710400
1485043200
1487376000
1489708800
1492041600
1494374400
1496707200
1499040000
1501372800
1503705600
1506038400
1508371200
1510704000
1513036800
1515369600
1517702400
1520035200
1522368000
1524700800
1527033600
1529366400
1531699200
1534032000
1536364800
1538697600
1541030400
1543363200
1545696000
1548028800
1550361600
1552694400
1555027200
1557360000
1559692800
1562025600
1564358400
1566691200
1569024000
1571356800
1573689600
1576022400
1578355200
1580688000
1583020800
1585353600
1587686400
1590019200
1592352000
1594684800
1597017600
1599350400
1601683200
1604016000
1606348800
1608681600
1611014400
1613347200
1615680000
1618012800
1620345600
1622678400
1625011200
1627344000
1629676800
1632009600
1634342400
1636675200
1639008000
1641340800
1643673600
1646006400
1648339200
1650672000
1653004800
1655337600
1657670400
1660003200
1662336000
